1	1		2.218	9.4		67	0	10
1	1		1.940  12.0	    38	0	18
2	1		1.519	9.8	    81	0	15
2	1		1.748  11.3	    75	0	12
2	1		1.301	5.1		57	0	9
3	1		1.544	6.7	    46	1	10
5	1		2.236  10.1	    50	1	9
5	1		1.681	6.5	    74	0	9
6	1		1.362	9.0	    77	0	8
6	1		2.114  10.2	    70	1	8
6	1		1.114	9.7	    60	0	10
6	1		1.415  10.4	    67	1	8
7	1		1.978	9.5	    48	0	10
7	1		1.041	5.1	    61	1	10
7	1		1.176  11.4	    53	1	13
9	1		1.724	8.2	    55	0	12
11	1		1.114  14.0	    61	0	10
11	1		1.230  12.0	    43	0	9
11	1		1.301  13.2	    65	0	10
11	1		1.508	7.5	    70	0	12
11	1		1.079	9.6	    51	1	9
13	1		0.778	5.5	    60	1	10
14	1		1.398  14.6 	66	0	10
15	1		1.602  10.6 	70	0	11
16	1		1.342	9.0	    48	0	10
16	1		1.322	8.8	    62	1	10
17	1		1.230  10.0  	53	0	9
17	1		1.591  11.2	    68	0	10
18	1		1.447	7.5 	65	1	8
19	1		1.079  14.4	    51	0	15
19	1		1.255	7.5	    60	1	9
24	1		1.301  14.6	    56	1	9
25	1		1.000  12.4	    67	0	10
26	1		1.230  11.2	    49	1	11
32	1		1.322  10.6	    46	0	9
35	1		1.114	7.0	    48	0	10
37	1		1.602  11.0	    63	0	9
41	1		1.000  10.2	    69	0	10
42	1		1.146	5.0	    70	1	9
51	1		1.568	7.7		74	0	13
52	1		1.000  10.1	    60	1	10
54	1		1.255	9.0	    49	0	10
58	1		1.204  12.1	    42	1	10
66  1		1.447	6.6		59	0	9
67	1		1.322  12.8	    52	0	10
88	1		1.176  10.6	    47	1	9
89	1		1.322  14.0	    63	0	9
92	1		1.431  11.0		58	1	11
4	0		1.945  10.2	    59	0	10
4	0		1.924  10.0	    49	1	13
7	0		1.114  12.4	    48	1	10
7	0		1.532  10.2	    81	0	11
8	0		1.079	9.9	    57	1	8
12	0		1.146  11.6	    46	1	7
11	0		1.613  14.0	    60	0	9
12	0		1.398	8.8	    66	1	9
13	0		1.663	4.9	    71	1	9
16	0		1.146  13.0	    55	0	9
19	0		1.322  13.0	    59	1	10
19	0		1.322  10.8	    69	1	10
28	0		1.230	7.3	    82	1	9
41	0		1.756  12.8	    72	0	9
53	0		1.114  12.0	    66	0	11
57	0		1.255  12.5 	66	0	11
77	0		1.079  14.0  	60	0	12
